crossing time (s)	slope (V/s)	crossing number
2581.113594	-27.767355	2223
2582.112099	-28.278440	2224
2583.137094	-27.779401	2225
2584.123237	-28.302360	2226
2585.149568	-27.612291	2227
2586.132011	-27.980645	2228
2587.157524	-27.285087	2229
2588.160743	-27.788945	2230
2589.168018	-27.096051	2231
2590.156888	-27.433506	2232
2591.179711	-27.124140	2233
2592.185555	-27.389353	2234
2593.190112	-27.645076	2235
2594.202683	-27.623858	2236
2595.207428	-27.246300	2237
2596.212507	-27.344634	2238
2597.221630	-27.049097	2239
2598.223632	-27.073007	2240
2599.232509	-27.422377	2241
2600.239436	-27.363725	2242
2601.244679	-27.518824	2243
2602.253952	-26.896266	2244
2603.249006	-27.265843	2245
2604.264319	-26.280431	2246
2605.271891	-27.343337	2247
2606.275259	-26.253480	2248
2607.294602	-26.789886	2249
2608.292621	-26.472628	2250
2609.305333	-26.707535	2251
2610.299283	-26.322967	2252
2611.321231	-26.433061	2253
2612.316725	-26.852851	2254
2613.327077	-26.736789	2255
2614.332575	-25.769411	2256
2615.351025	-26.646043	2257
2616.340702	-26.340251	2258
2617.360381	-26.743472	2259
2618.356173	-26.777536	2260
2619.370534	-26.875161	2261
2620.370499	-26.063257	2262
2621.388774	-26.776663	2263
2622.388003	-26.460641	2264
2623.406344	-26.357208	2265
2624.396628	-26.615449	2266
2625.416081	-26.203104	2267
2626.417056	-25.954862	2268
2627.429479	-26.386179	2269
2628.416220	-25.779216	2270
2629.441257	-26.101949	2271
2630.438899	-25.501851	2272
2631.452419	-26.305942	2273
2632.462382	-25.421850	2274
2633.467268	-26.317549	2275
2634.475045	-24.759885	2276
2635.479627	-25.870063	2277
2636.486730	-25.790566	2278
2637.488261	-25.977905	2279
2638.504301	-25.872527	2280
2639.498311	-25.526346	2281
2640.517286	-26.123467	2282
2641.512381	-25.705235	2283
2642.527667	-26.062727	2284
2643.533714	-25.329866	2285
2644.526790	-25.752399	2286
2645.541706	-25.334957	2287
2646.549733	-25.807582	2288
2647.558575	-24.977871	2289
2648.562935	-25.899477	2290
2649.588535	-24.829199	2291
2650.576874	-25.503344	2292
2651.594531	-24.777974	2293
2652.588549	-25.297169	2294
2653.596759	-24.876551	2295
2654.603706	-25.330803	2296
2655.627475	-25.245365	2297
2656.622444	-25.400178	2298
2657.632067	-25.137922	2299
2658.625813	-25.487899	2300
2659.642835	-24.735223	2301
2660.643824	-25.270308	2302
2661.659446	-24.853837	2303
2662.657979	-25.449454	2304
2663.663322	-24.981364	2305
2664.664340	-25.478795	2306
2665.674032	-24.558555	2307
2666.697376	-25.029025	2308
2667.693201	-24.975697	2309
2668.702075	-24.953713	2310
2669.708680	-24.482196	2311
2670.716995	-24.536152	2312
2671.720676	-25.088905	2313
2672.733538	-24.314193	2314
2673.745674	-24.913444	2315
2674.741379	-24.453576	2316
2675.753200	-24.937031	2317
2676.753551	-24.293234	2318
2677.760967	-24.885871	2319
2678.762605	-24.785159	2320
2679.774135	-24.821604	2321
2680.779307	-24.306615	2322
2681.797430	-24.741834	2323
2682.794871	-24.026653	2324
2683.817292	-24.718083	2325
2684.804799	-24.129941	2326
2685.826897	-24.756754	2327
2686.827834	-24.016175	2328
2687.838908	-24.751391	2329
2688.840909	-24.549397	2330
2689.847627	-24.008557	2331
2690.844069	-24.280379	2332
2691.862478	-24.351327	2333
2692.863372	-24.382277	2334
2693.875227	-24.668355	2335
2694.881232	-24.191080	2336
2695.882756	-24.741660	2337
2696.890762	-24.316861	2338
2697.905202	-24.792712	2339
2698.893781	-24.358436	2340
2699.919240	-24.473675	2341
2700.917577	-24.185623	2342
2701.928590	-24.241363	2343
2702.937168	-24.109749	2344
2703.941927	-24.609240	2345
2704.945343	-23.570806	2346
2705.949330	-24.212498	2347
2706.962464	-23.752703	2348
2707.969725	-24.279415	2349
2708.978101	-23.805664	2350
2709.976499	-24.053068	2351
2710.993094	-23.645744	2352
2711.999574	-22.969317	2353
2713.003624	-23.848593	2354
2714.004049	-23.650274	2355
2715.015852	-24.258428	2356
2716.016278	-23.370450	2357
2717.027804	-23.658522	2358
2718.041291	-23.539674	2359
2719.050835	-23.643269	2360
2720.050798	-23.663316	2361
2721.055513	-23.683821	2362
2722.064066	-23.565834	2363
2723.071612	-23.669316	2364
2724.072971	-23.635304	2365
2725.081376	-23.794002	2366
2726.086122	-23.341745	2367
2727.097074	-23.575226	2368
2728.101437	-22.879656	2369
2729.112653	-23.477144	2370
2730.117026	-23.300524	2371
2731.133935	-23.641883	2372
2732.130581	-23.347268	2373
2733.139365	-23.412368	2374
2734.139729	-23.343703	2375
2735.157876	-23.321270	2376
2736.156060	-23.797597	2377
2737.163848	-23.181136	2378
2738.166603	-23.285488	2379
2739.189248	-22.996665	2380
2740.184463	-23.089752	2381
2741.198825	-23.147721	2382
2742.196427	-22.945328	2383
2743.210871	-23.253179	2384
2744.212119	-23.259356	2385
2745.221353	-22.905818	2386
2746.229199	-22.853722	2387
2747.232717	-22.922317	2388
2748.246774	-23.387994	2389
2749.238361	-22.467905	2390
2750.255080	-22.836944	2391
2751.259941	-22.901983	2392
2752.272453	-22.956726	2393
2753.266021	-22.755638	2394
2754.281893	-22.511571	2395
2755.285943	-22.588352	2396
2756.289879	-22.678886	2397
2757.293128	-22.377847	2398
2758.298870	-22.681778	2399
2759.306955	-22.298715	2400
2760.316175	-22.391050	2401
2761.318608	-22.359097	2402
2762.347650	-22.695037	2403
2763.329193	-22.413769	2404
2764.352246	-22.343429	2405
2765.349163	-22.282243	2406
2766.362306	-22.570305	2407
2767.367169	-22.389124	2408
2768.377771	-22.183746	2409
2769.380748	-21.782053	2410
2770.385949	-22.490912	2411
2771.393204	-22.175750	2412
2772.408241	-22.693283	2413
2773.414063	-21.954209	2414
2774.406944	-22.321081	2415
2775.418806	-21.892856	2416
2776.429741	-22.049630	2417
2777.436956	-22.258193	2418
2778.437085	-22.219640	2419
2779.448556	-22.142769	2420
2780.452197	-22.071687	2421
2781.460193	-22.061418	2422
2782.468930	-22.059849	2423
2783.483014	-21.903668	2424
2784.482906	-22.085934	2425
2785.494837	-21.843945	2426
2786.490891	-21.729915	2427
2787.505634	-21.780185	2428
2788.505172	-21.772345	2429
2789.517778	-21.845830	2430
2790.524195	-21.691355	2431
2791.526372	-22.085396	2432
2792.527336	-21.695566	2433
2793.546618	-21.155544	2434
2794.552885	-21.706977	2435
2795.564460	-21.432827	2436
2796.557062	-21.752530	2437
2797.573959	-21.779043	2438
2798.572098	-21.599669	2439
2799.590231	-21.692368	2440
2800.587264	-21.359168	2441
2801.600740	-21.457346	2442
2802.593137	-21.089557	2443
2803.624347	-21.547380	2444
2804.619669	-21.322031	2445
2805.630001	-21.442431	2446
2806.628757	-21.382661	2447
2807.638001	-21.391623	2448
2808.636726	-21.420247	2449
2809.645568	-20.843570	2450
2810.647538	-21.125937	2451
2811.661070	-20.871595	2452
2812.670170	-21.479348	2453
2813.681094	-20.891997	2454
2814.687566	-21.133256	2455
2815.697452	-21.234378	2456
2816.698589	-21.536652	2457
2817.704327	-20.906853	2458
2818.711432	-20.728502	2459
2819.714376	-21.073710	2460
2820.727978	-21.045585	2461
2821.730793	-20.834665	2462
2822.751247	-20.970636	2463
2823.739445	-20.347805	2464
2824.761299	-20.937695	2465
2825.750278	-20.936389	2466
2826.770537	-20.840446	2467
2827.770793	-20.833171	2468
2828.787421	-20.832834	2469
2829.794806	-20.777283	2470
2830.797436	-20.531741	2471
2831.789569	-20.567006	2472
2832.817292	-20.617149	2473
2833.813987	-20.428261	2474
2834.820526	-20.524507	2475
2835.821825	-20.774549	2476
2836.838784	-20.658959	2477
2837.837639	-20.160611	2478
2838.850338	-20.357277	2479
2839.851622	-20.446452	2480
2840.855235	-20.206417	2481
2841.857870	-20.284848	2482
2842.866964	-20.432985	2483
2843.879368	-20.348780	2484
2844.880300	-20.386353	2485
2845.904963	-19.979040	2486
2846.887809	-20.040490	2487
2847.915296	-20.242675	2488
2848.908863	-19.999585	2489
2849.923968	-20.054597	2490
2850.931916	-19.858375	2491
2851.940002	-19.637042	2492
2852.933559	-20.230084	2493
2853.958758	-20.064294	2494
2854.956979	-19.988541	2495
2855.959245	-20.183096	2496
2856.968028	-20.038209	2497
2857.978718	-20.099422	2498
2858.981662	-19.917475	2499
2859.989455	-19.692393	2500
2860.994550	-19.752761	2501
2862.000826	-19.892522	2502
2863.008063	-19.752699	2503
2864.014843	-20.022112	2504
2865.020218	-19.718917	2505
2866.034694	-19.731258	2506
2867.040385	-19.835587	2507
2868.036680	-19.986431	2508
2869.050901	-19.889490	2509
2870.056739	-19.529073	2510
2871.066797	-19.799557	2511
2872.071783	-19.598001	2512
2873.079779	-19.375109	2513
2874.095495	-19.659117	2514
2875.089389	-19.716055	2515
2876.097017	-19.086199	2516
2877.101380	-19.752732	2517
2878.114644	-19.003392	2518
2879.114310	-19.384648	2519
2880.128852	-19.216110	2520
2881.131773	-19.486251	2521
2882.140615	-19.196548	2522
2883.146159	-19.606543	2523
2884.143186	-19.141937	2524
2885.157200	-19.270399	2525
2886.162328	-19.667931	2526
2887.172611	-19.142075	2527
2888.166844	-18.991905	2528
2889.191982	-19.388784	2529
2890.186712	-19.299738	2530
2891.199694	-19.031974	2531
2892.198074	-19.272840	2532
2893.215572	-19.318540	2533
2894.212819	-19.275058	2534
2895.225365	-19.054703	2535
2896.220958	-19.232036	2536
2897.243334	-19.250543	2537
2898.246822	-18.808086	2538
2899.257809	-19.135795	2539
2900.258947	-18.870307	2540
2901.267629	-19.114141	2541
2902.265819	-18.967959	2542
2903.280591	-18.951071	2543
2904.279098	-18.703840	2544
2905.289730	-19.010015	2545
2906.296468	-19.114757	2546
2907.297982	-19.179228	2547
2908.312200	-19.011294	2548
2909.315704	-18.210763	2549
2910.319890	-19.107698	2550
2911.320565	-18.756378	2551
2912.341980	-18.603087	2552
2913.337837	-18.941733	2553
2914.351243	-18.929638	2554
2915.356378	-18.624230	2555
2916.364729	-18.556138	2556
2917.359132	-18.644218	2557
2918.382976	-18.441861	2558
2919.382321	-18.532742	2559
2920.394297	-18.301414	2560
2921.389227	-18.568050	2561
2922.412452	-18.649127	2562
2923.412376	-18.299041	2563
2924.418265	-18.456825	2564
2925.422090	-18.075516	2565
2926.433005	-18.549398	2566
2927.429673	-17.914810	2567
2928.444871	-18.144599	2568
2929.447333	-18.228635	2569
2930.461778	-18.217794	2570
2931.453756	-18.401885	2571
2932.475416	-18.371095	2572
2933.484622	-18.217699	2573
2934.491583	-18.214253	2574
2935.481525	-18.016942	2575
2936.504866	-17.703474	2576
2937.501461	-17.934196	2577
2938.504193	-18.204185	2578
2939.513669	-18.105896	2579
2940.526644	-18.173050	2580
2941.533074	-18.058752	2581
2942.542635	-17.953544	2582
2943.541938	-17.819488	2583
2944.558877	-17.887165	2584
2945.551761	-17.843168	2585
2946.570284	-18.139478	2586
2947.568402	-17.787348	2587
2948.588980	-17.918813	2588
2949.573963	-17.450594	2589
2950.603410	-17.910124	2590
2951.598126	-17.611298	2591
2952.609349	-17.815723	2592
2953.613685	-17.854467	2593
2954.615408	-18.069328	2594
2955.625175	-17.703321	2595
2956.634481	-17.679958	2596
2957.639891	-17.659598	2597
2958.653321	-17.231725	2598
2959.648427	-17.676049	2599
2960.660691	-17.510650	2600
2961.662929	-17.211731	2601
2962.671620	-17.504149	2602
2963.688179	-17.418885	2603
2964.678834	-17.537139	2604
2965.694716	-16.823617	2605
2966.688662	-16.956447	2606
2967.710441	-17.279725	2607
2968.705524	-17.311920	2608
2969.728028	-17.325653	2609
2970.730482	-17.495822	2610
2971.738775	-17.339481	2611
2972.737531	-17.354805	2612
2973.748757	-17.277735	2613
2974.744173	-17.605954	2614
2975.757404	-16.873406	2615
2976.770899	-16.988953	2616
2977.778954	-17.244576	2617
2978.783025	-17.201360	2618
2979.780641	-16.821608	2619
2980.802673	-16.946769	2620
2981.800804	-17.097112	2621
2982.816395	-17.016780	2622
2983.806428	-17.081327	2623
2984.824864	-17.089677	2624
2985.823033	-16.673523	2625
2986.840835	-17.149629	2626
2987.846027	-16.732822	2627
2988.849809	-16.973582	2628
2989.850598	-16.837920	2629
2990.866786	-16.980426	2630
2991.866728	-17.245705	2631
2992.876597	-16.973046	2632
2993.869820	-17.012125	2633
2994.888679	-16.589024	2634
2995.889283	-17.140132	2635
2996.901579	-16.654146	2636
2997.899700	-16.671851	2637
2998.917537	-16.666571	2638
2999.925863	-16.975381	2639
3000.930185	-16.573112	2640
3001.928126	-17.033249	2641
3002.944881	-16.703054	2642
3003.942952	-16.612135	2643
3004.956204	-16.631511	2644
3005.957851	-16.553339	2645
3006.966715	-16.688029	2646
3007.971295	-16.568018	2647
3008.985260	-16.448605	2648
3009.981800	-16.215199	2649
3010.996095	-16.566583	2650
3011.999647	-16.396076	2651
3013.017107	-16.374720	2652
3014.013309	-16.253348	2653
3015.027545	-16.443292	2654
3016.021364	-16.307626	2655
3017.045539	-15.911261	2656
3018.034280	-15.941679	2657
3019.061757	-16.243666	2658
3020.057072	-15.641392	2659
3021.063932	-16.427310	2660
3022.058911	-16.048115	2661
3023.075471	-16.697063	2662
3024.088867	-15.912914	2663
3025.086610	-16.495124	2664
3026.092745	-16.260554	2665
3027.101703	-16.111763	2666
3028.113401	-15.588562	2667
3029.113060	-15.897766	2668
3030.122500	-16.147670	2669
3031.124927	-15.945953	2670
3032.132675	-15.690549	2671
3033.144108	-15.729770	2672
3034.154580	-15.933413	2673
3035.160160	-16.325219	2674
3036.161309	-15.662116	2675
3037.165708	-16.268808	2676
3038.176694	-15.460741	2677
3039.179981	-15.767170	2678
3040.185674	-15.774959	2679
3041.184956	-15.873218	2680
3042.202084	-15.837156	2681
3043.207825	-15.756041	2682
3044.207399	-16.070996	2683
3045.219237	-15.799289	2684
3046.222694	-15.503699	2685
3047.233634	-15.522704	2686
3048.238416	-15.828181	2687
3049.248487	-15.496453	2688
3050.255086	-15.437090	2689
3051.261774	-15.116758	2690
3052.268970	-15.500066	2691
3053.279673	-15.617004	2692
3054.272941	-15.555878	2693
3055.289197	-16.084347	2694
3056.286534	-15.647696	2695
3057.301764	-15.199488	2696
3058.305925	-15.379963	2697
3059.320057	-15.378436	2698
3060.318404	-15.536939	2699
3061.335836	-15.291421	2700
3062.331713	-15.182445	2701
3063.345174	-15.161502	2702
3064.344488	-15.415154	2703
3065.351203	-15.417300	2704
3066.354960	-15.062896	2705
3067.372885	-15.138751	2706
3068.373340	-15.033512	2707
3069.382065	-14.737146	2708
3070.383609	-15.254274	2709
3071.398326	-14.988827	2710
3072.403487	-14.954137	2711
3073.410582	-15.226245	2712
3074.419908	-14.960350	2713
3075.427593	-15.123362	2714
3076.435178	-14.864404	2715
3077.443981	-15.034061	2716
3078.432371	-15.039559	2717
3079.447125	-14.640544	2718
3080.454429	-14.407766	2719
3081.466435	-14.675534	2720
3082.470636	-14.525508	2721
3083.473767	-14.535647	2722
3084.483781	-14.526136	2723
3085.488473	-14.861438	2724
3086.490081	-14.777505	2725
3087.502276	-14.677375	2726
3088.509067	-14.652573	2727
3089.514468	-14.819363	2728
3090.518547	-14.314394	2729
3091.531269	-14.926819	2730
3092.530977	-14.454440	2731
3093.540537	-14.524685	2732
3094.546953	-14.275861	2733
3095.550773	-14.696014	2734
3096.564787	-14.552393	2735
3097.575471	-14.876905	2736
3098.574144	-14.450196	2737
3099.582955	-14.786722	2738
3100.587218	-14.273038	2739
3101.591407	-14.376842	2740
3102.600379	-14.138241	2741
3103.606777	-14.545114	2742
3104.622085	-14.079802	2743
3105.612211	-14.583497	2744
3106.631922	-14.158679	2745
3107.642132	-14.683188	2746
3108.649279	-14.270939	2747
3109.648419	-14.330297	2748
3110.657576	-14.171434	2749
3111.656533	-14.698738	2750
3112.669441	-14.041523	2751
3113.675030	-14.625752	2752
3114.685246	-14.352336	2753
3115.688988	-14.199858	2754
3116.701131	-14.325302	2755
3117.701357	-14.242656	2756
3118.708957	-13.633908	2757
3119.717695	-14.012368	2758
3120.721586	-13.970003	2759
3121.733572	-14.255257	2760
3122.737589	-14.041048	2761
3123.747988	-14.237091	2762
3124.739918	-14.301301	2763
3125.755211	-14.306596	2764
3126.751181	-13.892714	2765
3127.759902	-13.927189	2766
3128.768100	-13.986680	2767
3129.785761	-13.682286	2768
3130.784503	-13.568739	2769
3131.798259	-13.919934	2770
3132.800775	-13.538692	2771
3133.814860	-13.822546	2772
3134.809401	-13.578403	2773
3135.821870	-13.853743	2774
3136.825787	-13.626300	2775
3137.833752	-13.475320	2776
3138.843342	-13.993987	2777
3139.856725	-13.851343	2778
3140.853500	-13.444234	2779
3141.860111	-13.466845	2780
3142.872684	-13.632342	2781
3143.878368	-13.815703	2782
3144.873353	-13.377995	2783
3145.889911	-13.688354	2784
3146.891622	-13.660957	2785
3147.901983	-13.734529	2786
3148.911605	-13.706217	2787
3149.917165	-13.789216	2788
3150.925762	-13.557580	2789
3151.922949	-13.388742	2790
3152.929541	-13.472517	2791
3153.936510	-13.621605	2792
3154.950914	-13.482311	2793
3155.956574	-13.222602	2794
3156.959788	-13.177732	2795
3157.966831	-13.192589	2796
3158.979335	-13.118171	2797
3159.985513	-13.588624	2798
3160.995660	-13.199755	2799
3162.001646	-13.097694	2800
3163.004435	-13.003284	2801
3164.010300	-13.275661	2802
3165.023081	-12.746549	2803
3166.028798	-13.000682	2804
3167.032241	-12.978915	2805
3168.030714	-13.458192	2806
3169.043423	-12.661553	2807
3170.048723	-13.045776	2808
3171.056752	-12.733422	2809
3172.061691	-13.284667	2810
3173.076368	-13.057914	2811
3174.075838	-12.872936	2812
3175.087455	-12.949589	2813
3176.095986	-13.075327	2814
3177.094182	-12.874247	2815
3178.103677	-13.231001	2816
3179.109154	-12.750457	2817
3180.110977	-12.708361	2818
3181.132283	-12.863542	2819
3182.124080	-12.934740	2820
3183.129421	-12.693810	2821
3184.137472	-12.762013	2822
3185.143157	-12.841902	2823
3186.163376	-12.749402	2824
3187.162121	-12.378689	2825
3188.170925	-12.722397	2826
3189.169521	-12.309267	2827
3190.184528	-13.049579	2828
3191.183892	-12.273561	2829
3192.194966	-12.558881	2830
3193.193984	-12.616231	2831
3194.213211	-12.446551	2832
3195.210263	-12.389926	2833
3196.225678	-12.401903	2834
3197.231097	-12.319621	2835
3198.238676	-12.483948	2836
3199.239575	-12.970084	2837
3200.258552	-12.773285	2838
3201.254981	-12.452848	2839
3202.259729	-12.479306	2840
3203.270594	-12.317950	2841
3204.273115	-12.330332	2842
3205.277080	-12.210960	2843
3206.290649	-12.406406	2844
3207.299443	-12.009914	2845
3208.310627	-12.431621	2846
3209.312953	-12.611647	2847
3210.321514	-12.336446	2848
3211.317363	-12.167509	2849
3212.327797	-12.485910	2850
3213.323492	-12.069479	2851
3214.342981	-12.383134	2852
3215.347817	-12.247258	2853
3216.365640	-12.331723	2854
3217.354090	-12.172016	2855
3218.375649	-12.425156	2856
3219.380097	-11.866877	2857
3220.380092	-12.495109	2858
3221.388660	-12.133738	2859
3222.388702	-12.166100	2860
3223.397484	-12.574497	2861
3224.404678	-12.229341	2862
3225.416708	-11.889243	2863
3226.420165	-12.442709	2864
3227.427119	-11.737183	2865
3228.442333	-12.234622	2866
3229.437950	-12.093433	2867
3230.441568	-12.393219	2868
3231.464355	-11.573156	2869
