time (s)	theta (A)	maj axis/z0	min axis/z0	crossing#mod 255
7210.430540	39.100998	1.581684	0.091178	137
7212.437436	37.631054	1.554070	0.093417	139
7214.462986	40.315556	1.556308	0.092220	141
7216.472161	38.023323	1.547417	0.091011	143
7218.493445	39.906441	1.578212	0.073055	145
7220.505741	39.202396	1.523466	0.101235	147
7222.518583	37.678329	1.547666	0.078647	149
7224.540124	39.684864	1.573068	0.061531	151
7226.555456	40.134449	1.527112	0.089997	153
7228.565959	38.016151	1.522402	0.086200	155
7230.583598	38.722435	1.564883	0.054487	157
7232.603246	40.513287	1.528434	0.076934	159
7234.611940	37.887424	1.523600	0.076414	161
7236.633520	39.906204	1.556706	0.055895	163
7238.643692	38.455067	1.509912	0.076169	165
7240.664809	40.069786	1.542290	0.057166	167
7242.673550	38.186062	1.519282	0.064056	169
7244.694518	39.390278	1.515872	0.063542	171
7246.711436	39.477455	1.526618	0.057714	173
7248.723621	39.275620	1.524294	0.057106	175
7250.736751	39.400188	1.515530	0.056500	177
7252.752325	39.569599	1.511571	0.055101	179
7254.770091	39.192444	1.506999	0.052756	181
7256.788566	38.218563	1.506889	0.050841	183
7258.801957	38.580772	1.518849	0.053892	185
7260.810635	40.894550	1.509520	0.052142	187
7262.831731	38.951416	1.490482	0.041637	189
7264.847305	38.842129	1.520777	0.055824	191
7266.857549	40.714745	1.484871	0.039402	193
7268.879826	37.984112	1.506039	0.049896	195
7270.887237	41.292744	1.485975	0.039796	197
7272.910763	37.859489	1.497137	0.044400	199
7274.917130	41.451649	1.485887	0.040092	201
7276.941562	37.978035	1.483548	0.037713	203
7278.948694	41.193565	1.491207	0.043318	205
7280.969477	39.123123	1.465010	0.029986	207
7282.983851	39.352894	1.494720	0.042000	209
7284.994102	41.255753	1.470846	0.033088	211
7287.015534	39.303402	1.465172	0.030708	213
7289.032272	38.889771	1.479335	0.034279	215
7291.043370	39.971352	1.479524	0.033353	217
7293.055684	40.369884	1.471602	0.030664	219
7295.069656	40.328171	1.466049	0.029354	221
7297.084855	40.049858	1.461736	0.027690	223
7299.100863	39.824425	1.456233	0.026821	225
7301.117960	39.816513	1.451538	0.026654	227
7303.137476	40.351894	1.451443	0.026864	229
7305.154540	40.753605	1.459999	0.023614	231
7307.164032	39.831108	1.462504	0.019479	233
7309.176343	39.014927	1.441451	0.024037	235
7311.198645	40.661160	1.439196	0.025425	237
7313.212783	40.459854	1.458633	0.015483	239
7315.221269	38.815582	1.436214	0.019942	241
7317.243188	40.545258	1.428204	0.024065	243
7319.258854	40.589443	1.449815	0.013904	245
7321.266469	38.859234	1.432597	0.016680	247
7323.285907	39.960117	1.419685	0.021792	249
7325.305485	40.889183	1.434429	0.016092	251
7327.315890	39.853962	1.437919	0.013122	253
7329.327034	39.245247	1.423106	0.015702	255
7331.343553	39.544914	1.415385	0.016672	1
7333.361849	39.823914	1.416579	0.015116	3
7335.379205	39.967838	1.416406	0.014066	5
7337.395281	39.861706	1.414960	0.013476	7
7339.410208	39.743107	1.416042	0.012877	9
7341.424686	39.634331	1.414641	0.012665	11
7343.438067	39.639400	1.412753	0.012450	13
7345.450232	40.010857	1.412060	0.012216	15
7347.461910	40.557030	1.404595	0.011937	17
7349.477837	40.614433	1.396716	0.009677	19
7351.497471	39.640400	1.393242	0.007908	21
7353.515934	38.896603	1.401440	0.010214	23
7355.526324	39.804070	1.406963	0.012370	25
7357.536464	40.920826	1.392221	0.009584	27
7359.554710	40.327583	1.379513	0.005631	29
7361.574908	39.108181	1.388069	0.006783	31
7363.588874	39.336895	1.397657	0.009135	33
7365.598058	40.376007	1.393636	0.008054	35
7367.611028	40.737865	1.380019	0.005358	37
7369.628364	40.358753	1.374484	0.004783	39
7371.646968	39.827728	1.374109	0.004831	41
7373.664118	39.604614	1.375072	0.004974	43
7375.679802	39.701706	1.374910	0.005024	45
7377.694892	39.840897	1.373923	0.004267	47
7379.709614	39.970619	1.371608	0.004062	49
7381.724294	40.170555	1.370015	0.003960	51
7383.739385	40.234802	1.368953	0.003226	53
7385.752690	40.324471	1.368880	0.002650	55
7387.764243	40.047726	1.369488	0.001406	57
7389.775940	39.433479	1.362848	0.001374	59
7391.789531	39.327549	1.351467	0.002398	61
7393.807426	39.708096	1.346977	0.003622	63
7395.827294	40.461201	1.348526	0.003303	65
7397.843983	40.641205	1.356095	0.000891	67
7399.854870	40.106483	1.355266	-0.000948	69
7401.865347	39.482918	1.347836	-0.000477	71
7403.878849	39.276665	1.338057	0.000577	73
7405.895976	39.587425	1.336705	0.000943	75
7407.914683	39.992767	1.338009	0.000886	77
7409.931785	40.229668	1.338224	0.000262	79
7411.947690	40.177521	1.338813	-0.000531	81
7413.962400	40.061008	1.336941	-0.000467	83
7415.976646	39.940731	1.335324	-0.000889	85
7417.991427	39.878490	1.331975	-0.001330	87
7420.006086	39.738186	1.328112	-0.000865	89
7422.021554	39.689011	1.324938	-0.001371	91
7424.036749	39.490337	1.324048	-0.001754	93
7426.050766	39.446083	1.322999	-0.001915	95
7428.062939	39.632320	1.322774	-0.001825	97
7430.074654	39.872417	1.319103	-0.001408	99
7432.085791	40.221020	1.310408	-0.001816	101
7434.100447	40.402386	1.304650	-0.002857	103
7436.117663	40.116035	1.300306	-0.003496	105
7438.136776	39.680740	1.300039	-0.003206	107
7440.154030	39.288780	1.304265	-0.003437	109
7442.168572	39.333900	1.307785	-0.003224	111
7444.180401	39.647663	1.307895	-0.003237	113
7446.192175	39.807972	1.303908	-0.003709	115
7448.204166	40.055500	1.298807	-0.003891	117
7450.218425	39.984123	1.297315	-0.004867	119
7452.232816	39.960892	1.295380	-0.004477	121
7454.247458	39.819382	1.291370	-0.004548	123
7456.262068	39.824989	1.287679	-0.004518	125
7458.276783	39.711498	1.286219	-0.004819	127
7460.291479	39.600582	1.282845	-0.004462	129
7462.306764	39.528206	1.279024	-0.004721	131
7464.322308	39.533131	1.277639	-0.004739	133
7466.338570	39.609653	1.276408	-0.004209	135
7468.355875	39.819408	1.273759	-0.003999	137
7470.373066	40.136047	1.273369	-0.003784	139
7472.389701	40.304096	1.274576	-0.004175	141
7474.403653	40.268616	1.276918	-0.005000	143
7476.415465	40.007889	1.275446	-0.005260	145
7478.427068	39.661736	1.270550	-0.004921	147
7480.438923	39.483040	1.265751	-0.004390	149
7482.452944	39.316490	1.263448	-0.004078	151
7484.467856	39.351158	1.260350	-0.004413	153
7486.484029	39.518188	1.257097	-0.004739	155
7488.500181	39.602871	1.254536	-0.004946	157
7490.516606	39.708332	1.254142	-0.005194	159
7492.531144	39.754269	1.255358	-0.005040	161
7494.545619	39.681419	1.254710	-0.005447	163
7496.560137	39.734936	1.253787	-0.005118	165
7498.573776	39.752441	1.251278	-0.005233	167
7500.587262	39.821663	1.247949	-0.004868	169
7502.600114	39.858116	1.243571	-0.004599	171
7504.613791	40.000717	1.240841	-0.004814	173
7506.628062	40.126625	1.237986	-0.004512	175
7508.643838	40.102928	1.235523	-0.004515	177
7510.661270	39.917183	1.234801	-0.004516	179
7512.679247	39.670212	1.234599	-0.004896	181
7514.696137	39.452251	1.235122	-0.004579	183
7516.711460	39.402153	1.235997	-0.004409	185
7518.725378	39.412014	1.237426	-0.003918	187
7520.738279	39.536594	1.234761	-0.003476	189
7522.750970	39.668083	1.233165	-0.003850	191
7524.764161	39.652241	1.230007	-0.004064	193
7526.777439	39.686142	1.227786	-0.004443	195
7528.791339	39.671028	1.224477	-0.004324	197
7530.806229	39.608295	1.221971	-0.004035	199
7532.821299	39.600399	1.218357	-0.003979	201
7534.836643	39.596745	1.214886	-0.003966	203
7536.852140	39.684105	1.212376	-0.003704	205
7538.868253	39.790993	1.210871	-0.003668	207
7540.884678	39.916107	1.209814	-0.003652	209
7542.899826	40.028442	1.209595	-0.003810	211
7544.914783	39.999489	1.210086	-0.004017	213
7546.928283	40.007683	1.209349	-0.003879	215
7548.940907	39.818954	1.208799	-0.003983	217
7550.951694	39.646343	1.204636	-0.003964	219
7552.964307	39.491787	1.200890	-0.004190	221
7554.977318	39.431576	1.197694	-0.003540	223
7556.991295	39.373341	1.193676	-0.003462	225
7559.005783	39.391769	1.190582	-0.003328	227
7561.020568	39.421528	1.187649	-0.003150	229
7563.035134	39.482704	1.185746	-0.002818	231
7565.049470	39.566612	1.184701	-0.002410	233
7567.064794	39.542393	1.183824	-0.002036	235
7569.079037	39.730156	1.183123	-0.002548	237
7571.092318	39.757885	1.179736	-0.002677	239
7573.106915	39.841663	1.177746	-0.002206	241
7575.121352	39.896740	1.175149	-0.002390	243
7577.136524	39.939373	1.174020	-0.002196	245
7579.152822	39.852085	1.172769	-0.002157	247
7581.169770	39.720219	1.174036	-0.001765	249
7583.186826	39.561630	1.172968	-0.001704	251
7585.203145	39.293957	1.172840	-0.002709	253
7587.219024	39.315811	1.171633	-0.001587	255
7589.233020	39.278011	1.168019	-0.001076	1
7591.246878	39.366402	1.165906	-0.000822	3
7593.260380	39.463493	1.163588	-0.000442	5
7595.274074	39.551064	1.162391	0.000002	7
7597.287412	39.582710	1.160511	0.000184	9
7599.301524	39.619942	1.159773	0.000528	11
7601.315947	39.574352	1.158356	0.000546	13
7603.330792	39.611008	1.157457	0.000739	15
7605.345661	39.667000	1.154549	0.001077	17
7607.361034	39.691151	1.153855	0.001805	19
7609.376729	39.741325	1.153217	0.002154	21
7611.392183	39.811066	1.151796	0.001951	23
7613.405768	39.804115	1.149966	0.002352	25
7615.419376	39.817711	1.149365	0.002370	27
7617.431674	39.758621	1.145683	0.002205	29
7619.444242	39.619164	1.143033	0.002491	31
7621.456629	39.595688	1.139504	0.002784	33
7623.469474	39.476109	1.134693	0.003261	35
7625.482518	39.443340	1.131790	0.003029	37
7627.495725	39.478981	1.128991	0.003564	39
7629.509847	39.490891	1.126843	0.003592	41
7631.524124	39.545151	1.124319	0.003810	43
7633.538468	39.557663	1.123597	0.004450	45
7635.552983	39.618729	1.121039	0.004525	47
7637.567168	39.711781	1.119049	0.004743	49
7639.581749	39.796730	1.117581	0.005214	51
7641.596042	39.746189	1.115507	0.005122	53
7643.611451	39.836208	1.113846	0.006825	55
7645.626925	39.845325	1.111460	0.006152	57
7647.644247	39.757721	1.111511	0.006059	59
7649.660645	39.587017	1.112078	0.006002	61
7651.677253	39.454815	1.111916	0.006299	63
7653.692737	39.308136	1.111045	0.006143	65
7655.707329	39.317699	1.111154	0.006929	67
7657.722058	39.314972	1.110757	0.007373	69
7659.736125	39.347610	1.111191	0.007791	71
7661.749916	39.327606	1.107363	0.008357	73
7663.763519	39.431549	1.104760	0.008079	75
7665.778678	39.442394	1.103882	0.008923	77
7667.792249	39.493237	1.100571	0.009044	79
7669.806210	39.530079	1.097993	0.009449	81
7671.820492	39.662567	1.097214	0.009956	83
7673.835680	39.530926	1.095363	0.010832	85
7675.850891	39.636444	1.092038	0.010924	87
7677.864575	39.649136	1.089967	0.010944	89
7679.878631	39.685036	1.088098	0.010991	91
7681.892231	39.669403	1.086769	0.011227	93
7683.905220	39.636452	1.084946	0.011134	95
7685.917477	39.655853	1.082276	0.011852	97
7687.929368	39.603428	1.078700	0.012002	99
7689.942154	39.593132	1.076531	0.012352	101
7691.955410	39.576988	1.072917	0.012817	103
7693.968821	39.552170	1.070596	0.013423	105
7695.981528	39.567783	1.068892	0.014120	107
7697.996354	39.633251	1.066905	0.014311	109
7700.009643	39.670055	1.066662	0.014535	111
7702.024265	39.691399	1.064702	0.015103	113
7704.038574	39.770863	1.062661	0.015411	115
7706.052220	39.796452	1.060405	0.016087	117
7708.067708	39.845875	1.057163	0.016376	119
7710.083277	39.861233	1.055470	0.016739	121
7712.098534	39.827492	1.054771	0.016835	123
7714.114921	39.732872	1.055197	0.017065	125
7716.131152	39.571606	1.054336	0.017089	127
7718.146683	39.469414	1.053023	0.016862	129
7720.162251	39.387302	1.052578	0.016981	131
7722.177232	39.310707	1.052236	0.017626	133
7724.192652	39.267303	1.051108	0.018263	135
7726.206822	39.277946	1.048799	0.018318	137
7728.220405	39.342316	1.047384	0.018491	139
7730.234721	39.399887	1.045959	0.018798	141
7732.248856	39.417233	1.042793	0.019250	143
7734.262870	39.444405	1.041240	0.019526	145
7736.276852	39.488850	1.039377	0.019921	147
7738.291531	39.530224	1.038051	0.020405	149
7740.306460	39.533749	1.036283	0.020271	151
7742.320739	39.582592	1.034286	0.020528	153
7744.334025	39.639698	1.033243	0.020611	155
7746.347730	39.591068	1.031604	0.020830	157
7748.360713	39.686081	1.030607	0.020773	159
7750.372903	39.719379	1.029775	0.021177	161
7752.385576	39.709496	1.027370	0.021523	163
7754.397347	39.738510	1.025209	0.022128	165
7756.410692	39.696785	1.022583	0.021986	167
7758.423137	39.730553	1.018190	0.022435	169
7760.436777	39.793884	1.016628	0.022741	171
7762.449520	39.817661	1.015481	0.023288	173
7764.464101	39.847828	1.014575	0.023535	175
7766.477551	39.893085	1.012156	0.023766	177
7768.491551	39.894390	1.009061	0.023814	179
7770.506340	39.935627	1.006772	0.024478	181
7772.521275	39.995293	1.005520	0.024642	183
7774.535945	40.016605	1.003679	0.025297	185
7776.551304	39.932716	1.003279	0.025799	187
7778.567483	39.868687	1.001426	0.025424	189
7780.582961	39.781712	1.000577	0.025697	191
7782.599258	39.634029	1.000926	0.025667	193
7784.614841	39.537697	0.998734	0.025832	195
7786.630044	39.438877	0.997918	0.026435	197
7788.644624	39.458317	0.997292	0.027204	199
7790.659111	39.411709	0.997161	0.027168	201
7792.673688	39.447624	0.995508	0.027536	203
7794.687052	39.488628	0.993924	0.028256	205
7796.701592	39.509892	0.991259	0.028640	207
7798.715041	39.579697	0.989876	0.028984	209
7800.728598	39.588066	0.988662	0.029280	211
7802.743250	39.649197	0.986417	0.029268	213
7804.757148	39.667660	0.984908	0.029565	215
7806.771441	39.675907	0.983481	0.029553	217
7808.785983	39.724445	0.981594	0.029920	219
7810.799057	39.776142	0.980394	0.030202	221
7812.812363	39.817795	0.979603	0.030500	223
7814.824586	39.904362	0.977211	0.030716	225
7816.837392	39.965687	0.975654	0.031069	227
7818.850013	40.001522	0.974435	0.031913	229
7820.861803	40.080978	0.973013	0.032464	231
7822.875357	40.009254	0.972338	0.032446	233
7824.887588	40.099728	0.968583	0.032911	235
7826.900591	40.104607	0.965743	0.033215	237
