time (s)	theta (A)	maj axis/z0	min axis/z0	crossing#mod 255
6494.082876	78.819122	1.682347	-0.076079	201
6496.098115	78.954521	1.688431	-0.077337	203
6498.108727	77.391167	1.689748	-0.077190	205
6500.120810	76.104599	1.672395	-0.073926	207
6502.139863	77.457962	1.660950	-0.070566	209
6504.159268	78.982162	1.670497	-0.073476	211
6506.170986	77.635452	1.680074	-0.076138	213
6508.181906	75.842781	1.667152	-0.072596	215
6510.199378	76.657898	1.651735	-0.068883	217
6512.219289	78.323212	1.653846	-0.070314	219
6514.234365	78.289993	1.661701	-0.071943	221
6516.246145	77.176620	1.661235	-0.071417	223
6518.258484	76.302208	1.654402	-0.069451	225
6520.272590	76.070518	1.648887	-0.068978	227
6522.287605	76.169823	1.646532	-0.068931	229
6524.303358	76.347588	1.643727	-0.068643	231
6526.318190	76.416733	1.642748	-0.068461	233
6528.333085	76.546379	1.641507	-0.067888	235
6530.348001	76.661377	1.636671	-0.067641	237
6532.364792	76.824074	1.632924	-0.067237	239
6534.382452	76.708214	1.630160	-0.067174	241
6536.400782	76.481331	1.629904	-0.066976	243
6538.415903	76.302666	1.635666	-0.064647	245
6540.427640	76.486572	1.639095	-0.063313	247
6542.439085	76.855507	1.627571	-0.063981	249
6544.455244	76.828117	1.616005	-0.065433	251
6546.474679	76.432907	1.614981	-0.064781	253
6548.491892	76.123703	1.621055	-0.062510	255
6550.505434	76.210449	1.624638	-0.061292	1
6552.517009	76.306473	1.622524	-0.060991	3
6554.529694	76.324921	1.613913	-0.061766	5
6556.544269	76.287094	1.611190	-0.061848	7
6558.560035	76.225945	1.605574	-0.061120	9
6560.576111	76.178535	1.605372	-0.060482	11
6562.591770	76.163666	1.601909	-0.059979	13
6564.607164	76.096794	1.600105	-0.059718	15
6566.621605	75.860069	1.597535	-0.059444	17
6568.636098	75.526939	1.593342	-0.058611	19
6570.650353	75.212311	1.585976	-0.058110	21
6572.664887	75.027084	1.580755	-0.057397	23
6574.681677	75.366333	1.573565	-0.056317	25
6576.700058	76.112419	1.568929	-0.055756	27
6578.717782	76.795464	1.574045	-0.055881	29
6580.732593	76.815834	1.579105	-0.056812	31
6582.744938	76.040863	1.581237	-0.056667	33
6584.756394	75.037659	1.576768	-0.055618	35
6586.769923	74.628922	1.566119	-0.053735	37
6588.786367	74.949234	1.560925	-0.052490	39
6590.804624	75.638603	1.557868	-0.052112	41
6592.821510	76.086617	1.558201	-0.052213	43
6594.838033	76.223358	1.558332	-0.052094	45
6596.852861	76.130463	1.556937	-0.051426	47
6598.868006	75.970985	1.556407	-0.051288	49
6600.882613	75.843269	1.555245	-0.050773	51
6602.897252	75.703568	1.552716	-0.050346	53
6604.912290	75.581490	1.552464	-0.049628	55
6606.927559	75.484276	1.552068	-0.049355	57
6608.942585	75.309784	1.552752	-0.048691	59
6610.956693	75.177544	1.553116	-0.048352	61
6612.969683	75.137169	1.549979	-0.047398	63
6614.982090	75.158508	1.546168	-0.046533	65
6616.994680	75.293785	1.541307	-0.046602	67
6619.009075	75.435112	1.536001	-0.046547	69
6621.025907	75.362862	1.531999	-0.046941	71
6623.043297	75.199829	1.530098	-0.046150	73
6625.061206	74.971848	1.528527	-0.044795	75
6627.077128	74.924446	1.530278	-0.043850	77
6629.091277	74.972336	1.532108	-0.043485	79
6631.104085	74.978333	1.531457	-0.043226	81
6633.117065	74.933945	1.531123	-0.042574	83
6635.130761	74.904022	1.528997	-0.042671	85
6637.144891	74.850334	1.525088	-0.042458	87
6639.159083	74.703262	1.520659	-0.041951	89
6641.174047	74.682709	1.517743	-0.041459	91
6643.189193	74.649132	1.513932	-0.041228	93
6645.205443	74.698463	1.512267	-0.040652	95
6647.221907	74.906387	1.510177	-0.040090	97
6649.238612	75.196815	1.506934	-0.039322	99
6651.254749	75.461082	1.506695	-0.038719	101
6653.270023	75.494965	1.505140	-0.038696	103
6655.283526	75.290512	1.506102	-0.038583	105
6657.295878	74.841835	1.505066	-0.038418	107
6659.308376	74.277817	1.499163	-0.037383	109
6661.321277	73.963974	1.493525	-0.036856	111
6663.335973	73.855537	1.486820	-0.036445	113
6665.351744	74.025719	1.483997	-0.035739	115
6667.368382	74.252586	1.482959	-0.035331	117
6669.384802	74.473015	1.483118	-0.035334	119
6671.400945	74.601791	1.482906	-0.034740	121
6673.416512	74.622322	1.479870	-0.034460	123
6675.431367	74.592979	1.477134	-0.033514	125
6677.446040	74.473259	1.475312	-0.033200	127
6679.460982	74.416512	1.472727	-0.032925	129
6681.474899	74.406731	1.472268	-0.032650	131
6683.488501	74.320175	1.469986	-0.031938	133
6685.501675	74.315895	1.467130	-0.031308	135
6687.514962	74.325104	1.460520	-0.031277	137
6689.528941	74.450172	1.455527	-0.030322	139
6691.543264	74.496933	1.451965	-0.030144	141
6693.559213	74.551872	1.448848	-0.029892	143
6695.576387	74.411079	1.448625	-0.029642	145
6697.593471	74.342346	1.449017	-0.029386	147
6699.610258	74.144852	1.449778	-0.028906	149
6701.625950	74.081619	1.445446	-0.028474	151
6703.640551	74.160110	1.443788	-0.027629	153
6705.654677	74.210419	1.442582	-0.026853	155
6707.669039	74.209953	1.439161	-0.026404	157
6709.683033	74.234070	1.435217	-0.026105	159
6711.697544	74.226685	1.432661	-0.025645	161
6713.712095	74.276360	1.430941	-0.025283	163
6715.727520	74.339966	1.430802	-0.025088	165
6717.743006	74.337242	1.427542	-0.024375	167
6719.758437	74.468826	1.424011	-0.023803	169
6721.773560	74.527039	1.423780	-0.023185	171
6723.788257	74.572174	1.422616	-0.022727	173
6725.802130	74.475220	1.422335	-0.022417	175
6727.815170	74.292641	1.422668	-0.022113	177
6729.827197	74.089523	1.419764	-0.021997	179
6731.839736	73.792221	1.417266	-0.021030	181
6733.853755	73.637856	1.410986	-0.020193	183
6735.867492	73.560226	1.407935	-0.019543	185
6737.882973	73.608269	1.406787	-0.019136	187
6739.898259	73.666016	1.402842	-0.018409	189
6741.913944	73.746201	1.401027	-0.018347	191
6743.929351	73.850258	1.399396	-0.018153	193
6745.944490	73.855049	1.399819	-0.017609	195
6747.959149	73.873917	1.398198	-0.016857	197
6749.973816	73.853981	1.396480	-0.016275	199
6751.988036	73.889877	1.393318	-0.015635	201
6754.002214	73.904388	1.391831	-0.015775	203
6756.015816	73.964767	1.389760	-0.015144	205
6758.029699	74.059425	1.388509	-0.014625	207
6760.044248	74.056938	1.384429	-0.014338	209
6762.059285	74.172844	1.378849	-0.013999	211
6764.075127	74.156593	1.376075	-0.013669	213
6766.092030	74.006454	1.373518	-0.012952	215
6768.108744	73.894226	1.371467	-0.012153	217
6770.125233	73.826027	1.372118	-0.011591	219
6772.140966	73.705643	1.373238	-0.010986	221
6774.156453	73.720070	1.370854	-0.010392	223
6776.171032	73.733650	1.371078	-0.009884	225
6778.185579	73.828392	1.369816	-0.009249	227
6780.199998	73.857758	1.370228	-0.009044	229
6782.214960	73.933655	1.367614	-0.008682	231
6784.229215	73.953415	1.364421	-0.008336	233
6786.244448	74.009193	1.362477	-0.007340	235
6788.259033	74.080231	1.359653	-0.006619	237
6790.273945	74.093925	1.356949	-0.006466	239
6792.288606	74.147026	1.356923	-0.006135	241
6794.302118	74.120430	1.356433	-0.005448	243
6796.315191	74.063705	1.355644	-0.005127	245
6798.328009	74.011230	1.354318	-0.004336	247
6800.340807	73.850830	1.351254	-0.003639	249
6802.353820	73.705589	1.344818	-0.002844	251
6804.367486	73.661720	1.341358	-0.002511	253
6806.381460	73.649094	1.338303	-0.002215	255
6808.396430	73.637581	1.335637	-0.001629	1
6810.411121	73.627510	1.333369	-0.001476	3
6812.426442	73.690315	1.332509	-0.001458	5
6814.441133	73.744331	1.329582	-0.000847	7
6816.455856	73.795921	1.327829	-0.000440	9
6818.470540	73.810776	1.326360	-0.000007	11
6820.484939	73.866051	1.323953	0.000224	13
6822.499119	73.952271	1.322268	0.000354	15
6824.513353	73.995880	1.322719	0.001309	17
6826.527890	74.134239	1.321267	0.001817	19
6828.543586	74.173714	1.322622	0.002822	21
6830.558541	74.242867	1.319908	0.002998	23
6832.573995	74.167542	1.318056	0.003664	25
6834.590926	74.103096	1.314724	0.003930	27
6836.606964	73.977364	1.313428	0.004616	29
6838.623560	73.819893	1.312443	0.005130	31
6840.638853	73.759033	1.309078	0.005569	33
6842.654390	73.705994	1.307831	0.006045	35
6844.669677	73.728226	1.305937	0.006669	37
6846.683667	73.764572	1.304293	0.006970	39
6848.698702	73.815910	1.302442	0.007894	41
6850.712843	73.907684	1.298522	0.008360	43
6852.727443	73.912521	1.296322	0.008803	45
6854.742270	74.015053	1.294280	0.009547	47
6856.757000	74.021782	1.293790	0.010065	49
6858.770831	74.097954	1.292842	0.010631	51
6860.784885	74.163422	1.292358	0.011205	53
6862.798344	74.153328	1.290814	0.011498	55
6864.811280	74.126884	1.288643	0.012049	57
6866.824262	74.136299	1.286309	0.012072	59
6868.836946	74.103012	1.283192	0.012869	61
6870.850379	74.086166	1.280694	0.013668	63
6872.863556	74.024239	1.280452	0.013893	65
6874.877384	74.051125	1.275949	0.014703	67
6876.891891	74.052032	1.272390	0.014926	69
6878.906451	74.107582	1.269181	0.015115	71
6880.921232	74.128990	1.266251	0.015697	73
6882.935780	74.195358	1.264028	0.016095	75
6884.950335	74.219879	1.263307	0.016917	77
6886.965208	74.280518	1.261899	0.016855	79
6888.979139	74.434807	1.261048	0.017408	81
6890.993584	74.479286	1.259530	0.017894	83
6893.008047	74.506943	1.258600	0.017738	85
6895.022687	74.588402	1.253297	0.018159	87
6897.037819	74.613899	1.251886	0.018093	89
6899.053185	74.606354	1.250869	0.018548	91
6901.068959	74.554497	1.249971	0.018868	93
6903.085046	74.378670	1.249233	0.019580	95
6905.101369	74.347099	1.246914	0.020362	97
6907.117258	74.202278	1.245879	0.021027	99
6909.132720	74.123993	1.243775	0.021596	101
6911.147515	74.085251	1.242408	0.022433	103
6913.162690	74.123810	1.240673	0.023076	105
6915.177484	74.162697	1.238599	0.023429	107
6917.191909	74.220665	1.235961	0.024377	109
6919.206685	74.268875	1.235564	0.024531	111
6921.220873	74.338959	1.233403	0.025091	113
6923.235197	74.360664	1.232341	0.025885	115
6925.249424	74.474655	1.230281	0.025948	117
6927.263036	74.546349	1.229253	0.026847	119
6929.276639	74.561218	1.228101	0.026858	121
6931.289968	74.642563	1.228134	0.027343	123
6933.302525	74.677811	1.224063	0.027852	125
6935.315498	74.732460	1.224941	0.028049	127
6937.328620	74.720406	1.221066	0.028864	129
6939.341978	74.776657	1.217979	0.029214	131
6941.355307	74.811485	1.212373	0.029628	133
6943.369715	74.806129	1.209207	0.030097	135
6945.383816	74.897377	1.205420	0.030350	137
6947.398151	74.936317	1.204552	0.030778	139
6949.412627	74.983795	1.203501	0.031179	141
6951.427083	75.025558	1.201690	0.031456	143
6953.441227	75.099144	1.200787	0.032189	145
6955.455838	75.151268	1.198243	0.032998	147
6957.470107	75.242401	1.195066	0.033176	149
6959.484651	75.291260	1.194244	0.033646	151
6961.499944	75.300255	1.192645	0.033815	153
6963.514843	75.334854	1.190638	0.034017	155
6965.530622	75.324600	1.189834	0.035221	157
6967.545755	75.267509	1.186982	0.035091	159
6969.561634	75.166550	1.186347	0.035684	161
6971.577657	75.031082	1.184067	0.036055	163
6973.593061	74.960220	1.182688	0.036648	165
6975.608312	74.882889	1.180538	0.037481	167
6977.623412	74.885727	1.179423	0.037742	169
6979.638253	74.929016	1.179532	0.038218	171
6981.653182	74.903740	1.177590	0.038875	173
6983.667651	75.007538	1.176629	0.039400	175
6985.682168	75.034355	1.176366	0.040218	177
6987.696302	75.120689	1.174984	0.040559	179
6989.709849	75.183975	1.174383	0.041172	181
6991.724335	75.299461	1.174361	0.041464	183
6993.737499	75.366936	1.172823	0.041854	185
6995.750733	75.436348	1.169276	0.042172	187
6997.763731	75.525558	1.167593	0.042850	189
6999.777458	75.627739	1.165105	0.043240	191
7001.789502	75.672028	1.162924	0.043577	193
7003.803027	75.760498	1.159903	0.044304	195
7005.816727	75.852081	1.157303	0.045122	197
7007.830298	75.864243	1.154266	0.045636	199
7009.843732	75.953712	1.151690	0.046322	201
7011.857901	76.023552	1.148802	0.046916	203
7013.872701	76.037788	1.145594	0.047379	205
7015.886469	76.088852	1.143899	0.047629	207
7017.900721	76.137009	1.141569	0.047936	209
7019.915629	76.208046	1.139641	0.048534	211
7021.929415	76.269173	1.137931	0.049016	213
7023.944008	76.360283	1.137233	0.049552	215
7025.958833	76.402397	1.136832	0.050102	217
7027.973855	76.363739	1.135287	0.050081	219
7029.989210	76.357513	1.133459	0.050442	221
7032.005046	76.288261	1.131843	0.050882	223
7034.020241	76.243134	1.131748	0.051304	225
7036.035940	76.105568	1.130689	0.051690	227
7038.051440	76.036133	1.129961	0.052328	229
7040.067238	75.983238	1.128112	0.052547	231
7042.081943	75.907944	1.126165	0.053198	233
7044.096921	75.931969	1.125116	0.053779	235
7046.111414	75.971611	1.124981	0.054457	237
7048.126638	75.942886	1.124040	0.055208	239
7050.140505	76.066612	1.119864	0.055533	241
7052.154534	76.107880	1.118962	0.056164	243
7054.168926	76.177971	1.115719	0.056743	245
7056.182534	76.215797	1.112377	0.056636	247
7058.196558	76.346291	1.110540	0.057876	249
7060.210018	76.479477	1.110453	0.058095	251
7062.222866	76.587242	1.109820	0.058688	253
7064.235551	76.711441	1.109177	0.059369	255
7066.249310	76.803848	1.107896	0.060270	1
7068.262710	76.879784	1.104799	0.060664	3
7070.275884	77.018852	1.102305	0.061174	5
7072.289473	77.053947	1.100958	0.062070	7
7074.303501	77.100487	1.100862	0.062731	9
7076.317755	77.141792	1.099003	0.063283	11
7078.331447	77.219528	1.096639	0.063367	13
7080.345590	77.300949	1.096312	0.063989	15
7082.360205	77.375267	1.095927	0.064595	17
7084.373985	77.440254	1.093793	0.064785	19
7086.388475	77.552658	1.092261	0.065372	21
7088.403512	77.568245	1.089406	0.066248	23
7090.417663	77.585129	1.088019	0.066341	25
7092.432573	77.597694	1.087404	0.066650	27
7094.448485	77.611916	1.085867	0.067086	29
7096.463415	77.457199	1.085542	0.067817	31
7098.478557	77.393074	1.083419	0.067829	33
7100.494417	77.332664	1.082073	0.068127	35
7102.509683	77.255989	1.081222	0.068539	37
7104.525418	77.186905	1.080325	0.068822	39
7106.540140	77.183899	1.079231	0.069246	41
7108.555331	77.161194	1.077970	0.069668	43
7110.569708	77.170036	1.076199	0.070232	45
7112.584938	77.218056	1.074858	0.070923	47
7114.598441	77.310173	1.074287	0.071404	49
